,Unnamed: 0,unitID,base_0,base_1,base_2,base_3
137,137,246,25,59,36,53.0
