,Unnamed: 0,unitID,base_0
248,248,98,26
