,Unnamed: 0,unitID,base_0,base_1
46,46,152,107,36
