,Unnamed: 0,unitID,base_0,base_1
208,208,57,11,70
