,Unnamed: 0,unitID,base_0
89,89,196,31
